	Profile factor	Symmetry	Crossflow	Flow Velocity P1	Flow Velocity P2	Flow Velocity P3	Flow Velocity P4	Speed of Sound P1	Speed of Sound P2	Speed of Sound P3	Speed of Sound P4	Signal Strength P1T	Signal Strength P1R	Signal Strength P2T	Signal Strength P2R	Signal Strength P3T	Signal Strength P3R	Signal Strength P4T	Signal Strength P4R	Signal Quality P1T	Signal Quality P1R	Signal Quality P2T	Signal Quality P2R	Signal Quality P3T	Signal Quality P3R	Signal Quality P4T	Signal Quality P4R	Gain P1T	Gain P1R	Gain P2T	Gain P2R	Gain P3T	Gain P3R	Gain P4T	Gain P4R	Transit Time P1T	Transit Time P1R	Transit Time P2T	Transit Time P2R	Transit Time P3T	Transit Time P3R	Transit Time P4T	Transit Time P4R	Class
0	1.10470553418171	1.0046792197542	0.9947829013800071	2.34583333333333	2.60444444444444	2.58	2.34722222222222	1485.80555555556	1485.93055555556	1485.94166666667	1485.7805555555599	66.0	66.0	66.0	66.0	65.0	65.0	66.0	66.0	3543.9722222222204	3457.94444444444	3367.5833333333303	3401.80555555556	3711.2222222222204	3707.1388888888896	3643.55555555556	3590.7777777777796	0.5	0.5	0.2	0.2	1.4	1.4	-0.7	-0.7	124.15	123.911944444444	151.615833333333	151.275	151.559444444444	151.221111111111	124.253611111111	124.017777777778	1
1	1.08940073379535	0.9977782108750741	0.998011850927802	3.39944444444444	3.71111111111111	3.71194444444444	3.41444444444444	1486.1638888888901	1486.3027777777802	1486.3027777777802	1486.13055555555	66.0	66.0	66.0	66.0	65.0	65.0	66.0	66.0	3546.80555555556	3412.5833333333303	3256.6666666666697	3322.27777777778	3716.05555555556	3670.7777777777796	3622.2222222222204	3580.30555555556	0.5	0.5	0.2	0.2	1.4	1.4	-0.7	-0.7	124.17194444444401	123.831666666667	151.652222222222	151.164444444444	151.595277777778	151.113333333333	124.274166666667	123.937777777778	1
2	1.0796711085908701	1.00605587028717	0.999026669262216	3.43805555555556	3.7147222222222203	3.6897222222222203	3.42	1486.3222222222198	1486.45277777778	1486.45555555556	1486.29722222222	66.0	66.0	66.0	66.0	65.0	65.0	66.0	66.0	3557.2777777777796	3413.3333333333303	3267.0	3330.72222222222	3693.6666666666706	3677.5833333333294	3620.0277777777796	3574.0833333333294	0.5	0.5	0.2	0.2	1.4	1.4	-0.7	-0.7	124.16	123.81805555555599	151.636111111111	151.150833333333	151.58	151.096944444444	124.260833333333	123.92361111111099	1
3	1.09083449577419	1.0131942798451499	0.994911140687386	3.39944444444444	3.725	3.66055555555555	3.37111111111111	1486.45555555556	1486.575	1486.58333333333	1486.41666666667	66.0	66.0	66.0	66.0	65.0	65.0	66.0	66.0	3541.1111111111104	3433.6666666666697	3262.0	3329.6111111111104	3702.05555555556	3677.19444444444	3635.0277777777796	3579.69444444444	0.5	0.5	0.2	0.2	1.4	1.4	-0.7	-0.7	124.144722222222	123.80861111111099	151.6225	151.139166666667	151.564166666667	151.08416666666702	124.25083333333299	123.91305555555599	1
4	1.09381557832367	1.00971563981043	1.0036224750954799	3.39888888888889	3.7027777777777797	3.68138888888889	3.35194444444444	1486.6	1486.725	1486.73055555556	1486.55555555555	66.0	66.0	66.0	66.0	65.0	65.0	66.0	66.0	3541.3333333333294	3416.8888888888896	3273.47222222222	3320.8333333333303	3690.1388888888896	3690.5	3615.8333333333294	3564.9722222222204	0.5	0.5	0.2	0.2	1.4	1.4	-0.7	-0.7	124.13444444444401	123.7975	151.6075	151.122777777778	151.550277777778	151.068888888889	124.23611111111099	123.903055555556	1
5	1.0837815810921	1.0022710364540501	0.989495389643232	3.39361111111111	3.71666666666667	3.67111111111111	3.4230555555555497	1486.76388888889	1486.875	1486.8916666666698	1486.7111111111099	66.0	66.0	66.0	66.0	65.0	65.0	66.0	66.0	3558.3611111111104	3435.72222222222	3253.4166666666697	3341.8888888888896	3709.55555555556	3672.6111111111104	3628.25	3576.25	0.5	0.5	0.2	0.2	1.4	1.4	-0.7	-0.7	124.120277777778	123.784722222222	151.593055555556	151.106944444444	151.533055555556	151.05388888888902	124.223333333333	123.89055555555599	1
6	1.1027783494546202	1.00192013793644	1.0151867776419101	3.40444444444444	3.69777777777778	3.74444444444444	3.34416666666667	1486.9083333333301	1487.02777777778	1487.0222222222199	1486.86666666667	66.0	66.0	66.0	66.0	65.0	65.0	66.0	66.0	3549.19444444444	3429.1111111111104	3267.6388888888896	3327.6111111111104	3692.8333333333294	3687.3611111111104	3625.55555555556	3589.0	0.5	0.5	0.2	0.2	1.4	1.4	-0.7	-0.7	124.10916666666701	123.771388888889	151.57527777777798	151.093055555556	151.522222222222	151.035833333333	124.2125	123.87611111111099	1
7	1.08853624987419	1.0022192203782299	0.994137997309244	4.13194444444444	4.52388888888889	4.48888888888889	4.14777777777778	1487.81111111111	1487.94444444444	1487.93333333333	1487.76944444445	66.0	66.0	66.0	66.0	65.0	65.0	66.0	66.0	3543.2222222222204	3404.94444444444	3252.47222222222	3324.75	3690.05555555556	3663.6666666666706	3619.55555555556	3552.69444444444	0.5	0.5	0.2	0.2	1.4	1.4	-0.7	-0.7	124.068333333333	123.65833333333299	151.535	150.947777777778	151.48027777777799	150.89638888888902	124.174166666667	123.763055555556	1
8	1.07575475462163	1.00586042925074	1.0023092317955602	5.24361111111111	5.62666666666667	5.6075	5.19944444444445	1488.24166666667	1488.3722222222198	1488.36944444445	1488.20555555556	66.0	66.0	66.0	66.0	65.0	65.0	66.0	66.0	3533.6666666666706	3343.1666666666697	3222.0	3312.0833333333303	3659.94444444444	3644.3888888888896	3592.8611111111104	3524.4722222222204	0.5	0.5	0.2	0.2	1.4	1.4	-0.7	-0.7	124.08305555555599	123.570833333333	151.566666666667	150.831111111111	151.509444444445	150.777777777778	124.19	123.67555555555599	1
9	1.08737559941203	1.00189503362529	1.0010164010164	5.7725	6.27	6.26472222222222	5.755	1486.94444444444	1487.04444444444	1487.03611111111	1486.8972222222199	66.0	66.0	66.0	66.0	65.0	65.0	66.0	66.0	3519.69444444444	3315.6666666666697	3197.30555555556	3309.3333333333303	3662.7222222222204	3617.2222222222204	3556.3888888888896	3487.94444444444	0.5	0.5	0.2	0.2	1.4	1.4	-0.7	-0.7	124.222222222222	123.6525	151.74194444444402	150.923055555556	151.685277777778	150.872777777778	124.32694444444401	123.754444444445	1
10	1.09058268135375	1.00053022269353	0.9894752383362859	6.23361111111111	6.870555555555559	6.79777777777778	6.299444444444441	1485.51944444444	1485.6138888888902	1485.6083333333302	1485.45833333333	66.0	66.0	66.0	66.0	65.0	65.0	66.0	66.0	3510.6111111111104	3298.5833333333303	3180.9166666666697	3298.1388888888896	3644.80555555556	3595.3333333333294	3552.5833333333294	3473.47222222222	0.5	0.5	0.2	0.2	1.4	1.4	-0.7	-0.7	124.368333333333	123.7475	151.926388888889	151.031666666667	151.867777777778	150.983611111111	124.47055555555599	123.85027777777799	1
11	1.0847215717758298	1.00572875319158	0.9964760908100719	6.235	6.785555555555559	6.72555555555555	6.2208333333333306	1484.35	1484.4694444444401	1484.47222222222	1484.31111111111	66.0	66.0	66.0	66.0	65.0	65.0	66.0	66.0	3495.02777777778	3272.55555555556	3169.69444444444	3288.94444444444	3630.9166666666706	3589.6388888888896	3554.6666666666706	3466.4166666666697	0.5	0.5	0.2	0.2	1.4	1.4	-0.7	-0.7	124.46861111111099	123.84	152.043333333333	151.14638888888902	151.984166666667	151.096944444444	124.565277777778	123.94722222222201	1
12	1.07925618740901	1.00231540487722	0.99295938431613	6.28083333333333	6.826111111111111	6.76472222222222	6.311944444444441	1483.45833333333	1483.56944444444	1483.58333333333	1483.43055555556	66.0	66.0	66.0	66.0	65.0	65.0	66.0	66.0	3508.1666666666697	3289.6111111111104	3176.22222222222	3282.94444444444	3627.4166666666706	3592.6111111111104	3558.5833333333294	3476.1666666666697	0.5	0.5	0.2	0.2	1.4	1.4	-0.7	-0.7	124.542777777778	123.91138888888901	152.138611111111	151.234444444444	152.075833333333	151.186388888889	124.64555555555599	124.01611111111099	1
13	1.07553600879604	1.00755078166543	0.9958343025099922	6.32694444444445	6.831388888888889	6.754722222222219	6.305	1482.7833333333301	1482.86666666667	1482.86666666667	1482.70833333333	66.0	66.0	66.0	66.0	65.0	65.0	66.0	66.0	3484.4166666666697	3281.69444444444	3167.30555555556	3288.3888888888896	3634.6111111111104	3598.8888888888896	3547.7222222222204	3462.1666666666697	0.5	0.5	0.2	0.2	1.4	1.4	-0.7	-0.7	124.599166666667	123.97138888888901	152.208333333333	151.309166666667	152.14888888888902	151.259722222222	124.706944444444	124.081111111111	1
14	1.09185310633746	0.9896146835657671	0.995111791209725	6.182777777777781	6.78722222222222	6.823333333333331	6.28277777777778	1483.06388888889	1483.1638888888901	1483.18055555556	1482.99166666667	66.0	66.0	66.0	66.0	65.0	65.0	66.0	66.0	3498.9166666666697	3280.3888888888896	3161.94444444444	3296.6388888888896	3627.3611111111104	3583.3888888888896	3548.6111111111104	3464.5	0.5	0.5	0.2	0.2	1.4	1.4	-0.7	-0.7	124.57805555555599	123.9425	152.17472222222202	151.281111111111	152.120555555556	151.225	124.681111111111	124.055277777778	1
15	1.0941762912522	1.0069952440871	0.9948700555390679	6.24722222222222	6.86861111111111	6.78944444444445	6.23527777777778	1483.67222222222	1483.76944444445	1483.79444444444	1483.63888888889	66.0	66.0	66.0	66.0	65.0	65.0	66.0	66.0	3504.3333333333303	3281.1111111111104	3170.22222222222	3292.22222222222	3629.1111111111104	3599.69444444444	3562.5277777777796	3477.69444444444	0.5	0.5	0.2	0.2	1.4	1.4	-0.7	-0.7	124.5175	123.904722222222	152.11638888888902	151.215	152.055277777778	151.16583333333298	124.62555555555599	124.00305555555599	1
16	1.08317387941212	0.9982816862905909	1.00470136535485	6.833611111111111	7.36777777777778	7.41333333333333	6.8125	1484.65	1484.7527777777802	1484.7611111111098	1484.6027777777801	66.0	66.0	66.0	66.0	65.0	65.0	66.0	66.0	3490.77777777778	3253.77777777778	3170.44444444444	3283.3333333333303	3618.1111111111104	3580.25	3532.0833333333294	3450.4166666666697	0.5	0.5	0.2	0.2	1.4	1.4	-0.7	-0.7	124.470277777778	123.786944444444	152.0525	151.085	151.996666666667	151.026666666667	124.57638888888901	123.89083333333299	1
17	1.08666095401314	1.00140634132087	0.9871069524534871	7.2497222222222195	7.98055555555556	7.8711111111111105	7.33777777777778	1485.66111111111	1485.75555555556	1485.75833333333	1485.61111111111	66.0	66.0	66.0	66.0	65.0	65.0	66.0	66.0	3479.94444444444	3241.30555555556	3140.47222222222	3273.05555555556	3598.75	3565.25	3520.05555555556	3423.44444444444	0.5	0.5	0.2	0.2	1.4	1.4	-0.7	-0.7	124.407777777778	123.680833333333	151.985	150.941944444444	151.928333333333	150.890833333333	124.513055555556	123.78777777777799	1
18	1.0986607403941802	1.00822653757905	1.0006132575124	2.38583333333333	2.6186111111111097	2.5997222222222205	2.3638888888888903	1484.7166666666699	1484.8361111111099	1484.84722222222	1484.68611111111	66.0	66.0	66.0	66.0	65.0	65.0	66.0	66.0	3595.8611111111104	3519.6666666666706	3342.55555555556	3391.1388888888896	3554.7777777777796	3524.3611111111104	3673.0277777777796	3652.8333333333294	0.6	0.6	0.2	0.2	1.0	1.0	-0.7	-0.7	124.241111111111	124.00388888888901	151.72861111111098	151.386388888889	151.673055555556	151.331388888889	124.344722222222	124.107222222222	1
19	1.08850292932231	1.0102383618620998	1.00103507305227	3.3622222222222202	3.65444444444444	3.6225	3.32305555555556	1485.0333333333301	1485.14444444444	1485.1472222222199	1484.99444444444	66.0	66.0	66.0	66.0	65.0	65.0	66.0	66.0	3588.8333333333294	3472.0	3341.19444444444	3392.47222222222	3534.44444444444	3501.47222222222	3655.2222222222204	3617.7222222222204	0.6	0.6	0.2	0.2	1.0	1.0	-0.7	-0.7	124.262777777778	123.928888888889	151.763888888889	151.28805555555599	151.70694444444402	151.233888888889	124.364722222222	124.036111111111	1
20	1.0991316021311401	1.0022809123649499	0.991126144050937	3.29916666666667	3.65833333333333	3.6194444444444502	3.32222222222222	1485.3027777777802	1485.425	1485.43055555556	1485.2611111111098	66.0	66.0	66.0	66.0	65.0	65.0	66.0	66.0	3590.19444444444	3489.05555555556	3333.6666666666697	3389.05555555556	3523.75	3496.3333333333303	3655.69444444444	3619.1388888888896	0.6	0.6	0.2	0.2	1.0	1.0	-0.7	-0.7	124.239722222222	123.90694444444401	151.738888888889	151.259166666667	151.67888888888902	151.206666666667	124.34305555555599	124.011666666667	1
21	1.09584677926324	1.01421781859191	0.995411379778149	3.33055555555555	3.6641666666666697	3.5991666666666697	3.2975	1485.5333333333301	1485.6416666666698	1485.64444444444	1485.4888888888902	66.0	66.0	66.0	66.0	65.0	65.0	66.0	66.0	3601.7222222222204	3474.3611111111104	3335.1111111111104	3402.25	3538.0277777777796	3496.47222222222	3658.2222222222204	3611.0833333333294	0.6	0.6	0.2	0.2	1.0	1.0	-0.7	-0.7	124.22083333333299	123.88722222222201	151.712777777778	151.238333333333	151.656388888889	151.184444444444	124.325555555556	123.993888888889	1
22	1.0916590284143002	0.9893014225145631	0.9902477700693759	3.29777777777778	3.6375	3.64083333333333	3.36944444444444	1485.7277777777801	1485.83888888889	1485.8527777777801	1485.68333333333	66.0	66.0	66.0	66.0	65.0	65.0	66.0	66.0	3587.5833333333294	3478.6666666666697	3309.8333333333303	3397.8888888888896	3545.0	3514.8888888888896	3655.80555555556	3617.5833333333294	0.6	0.6	0.2	0.2	1.0	1.0	-0.7	-0.7	124.204722222222	123.87111111111099	151.693055555556	151.218611111111	151.636388888889	151.163888888889	124.310555555556	123.975	1
23	1.09547169811321	1.00068054443555	0.9904018479429659	3.29694444444444	3.64666666666667	3.6108333333333302	3.32805555555556	1485.8722222222198	1485.9888888888902	1486.0	1485.83333333333	66.0	66.0	66.0	66.0	65.0	65.0	66.0	66.0	3598.4722222222204	3467.3611111111104	3322.47222222222	3396.1111111111104	3532.1388888888896	3489.27777777778	3658.44444444444	3606.5277777777796	0.6	0.6	0.2	0.2	1.0	1.0	-0.7	-0.7	124.192222222222	123.86	151.67916666666702	151.201666666667	151.620277777778	151.14888888888902	124.29611111111099	123.96472222222201	1
24	1.07793592846302	1.00760908334324	0.9890843411339721	3.38	3.6825	3.61722222222222	3.39194444444444	1486.0527777777802	1486.1583333333301	1486.18888888889	1486.00555555556	66.0	66.0	66.0	66.0	65.0	65.0	66.0	66.0	3587.19444444444	3480.3333333333303	3320.47222222222	3390.47222222222	3530.1666666666706	3511.6111111111104	3659.7777777777796	3610.8333333333294	0.6	0.6	0.2	0.2	1.0	1.0	-0.7	-0.7	124.178611111111	123.844722222222	151.662777777778	151.184444444444	151.60361111111098	151.13	124.28361111111099	123.94861111111099	1
25	1.0848260448981	1.00349403769714	0.9973475648728108	4.16555555555556	4.530277777777781	4.503611111111111	4.1619444444444404	1486.31944444445	1486.42222222222	1486.43055555556	1486.25555555556	66.0	66.0	66.0	66.0	65.0	65.0	66.0	66.0	3584.1666666666706	3454.0833333333303	3307.22222222222	3380.3888888888896	3518.05555555556	3484.4166666666697	3648.8611111111104	3583.75	0.6	0.6	0.2	0.2	1.0	1.0	-0.7	-0.7	124.192222222222	123.78638888888901	151.694722222222	151.099444444444	151.635	151.048333333333	124.30027777777799	123.88694444444401	1
26	1.09023453027693	1.0133500102103299	1.0007863629445501	5.27944444444444	5.74805555555555	5.67972222222222	5.2025	1486.8777777777802	1486.9694444444401	1486.9888888888902	1486.79722222222	66.0	66.0	66.0	66.0	65.0	65.0	66.0	66.0	3566.4166666666706	3396.0	3268.25	3377.25	3494.8888888888896	3472.4166666666697	3618.1666666666706	3554.6666666666706	0.6	0.6	0.2	0.2	1.0	1.0	-0.7	-0.7	124.200277777778	123.68361111111099	151.716111111111	150.96388888888902	151.652777777778	150.914444444444	124.305833333333	123.790555555556	1
27	1.09070780310956	1.0088371440594799	0.9974893646697819	5.72694444444445	6.259722222222219	6.192222222222219	5.68944444444445	1487.19444444444	1487.31388888889	1487.31944444445	1487.1555555555599	66.0	66.0	66.0	66.0	65.0	65.0	66.0	66.0	3560.7222222222204	3369.02777777778	3249.75	3356.75	3482.8611111111104	3446.3611111111104	3613.9166666666706	3528.0	0.6	0.6	0.2	0.2	1.0	1.0	-0.7	-0.7	124.2025	123.628333333333	151.715833333333	150.899722222222	151.654444444444	150.848888888889	124.3025	123.73888888888901	1
28	1.07918858334998	0.9928948264125259	0.99242859269657	6.21	6.755	6.75194444444444	6.3058333333333305	1487.4083333333301	1487.5111111111098	1487.51388888889	1487.3527777777801	66.0	66.0	66.0	66.0	65.0	65.0	66.0	66.0	3559.80555555556	3337.47222222222	3227.05555555556	3360.22222222222	3476.97222222222	3433.77777777778	3579.25	3500.6666666666697	0.6	0.6	0.2	0.2	1.0	1.0	-0.7	-0.7	124.208888888889	123.58861111111099	151.728888888889	150.842777777778	151.6725	150.790277777778	124.31388888888901	123.691944444444	1
29	1.08036230916455	1.00229190763826	0.9920088648326129	6.22222222222222	6.77583333333333	6.70888888888889	6.259444444444441	1485.8638888888902	1485.9472222222198	1485.95277777778	1485.8222222222198	66.0	66.0	66.0	66.0	65.0	65.0	66.0	66.0	3552.9166666666706	3321.4166666666697	3234.72222222222	3354.1111111111104	3464.22222222222	3423.8611111111104	3570.1666666666706	3503.44444444444	0.6	0.6	0.2	0.2	1.0	1.0	-0.7	-0.7	124.334722222222	123.72111111111099	151.891111111111	151.000833333333	151.830277777778	150.947222222222	124.441111111111	123.821666666667	1
30	1.08274813257593	1.00564253871169	0.996869438428715	6.21833333333333	6.7525	6.69583333333333	6.20222222222222	1484.66944444444	1484.75833333333	1484.775	1484.6138888888902	66.0	66.0	66.0	66.0	65.0	65.0	66.0	66.0	3533.3888888888896	3325.9166666666697	3238.77777777778	3342.55555555556	3454.1666666666697	3427.3611111111104	3586.1111111111104	3512.8333333333303	0.6	0.6	0.2	0.2	1.0	1.0	-0.7	-0.7	124.4325	123.820277777778	152.006944444444	151.125555555556	151.953611111111	151.0675	124.53777777777799	123.926111111111	1
31	1.08227707853217	1.00441543482434	0.989604065212789	6.24805555555556	6.83194444444444	6.735	6.2875	1483.68611111111	1483.7833333333301	1483.76944444444	1483.6361111111098	66.0	66.0	66.0	66.0	65.0	65.0	66.0	66.0	3541.55555555556	3321.3611111111104	3223.0833333333303	3354.5833333333303	3471.8888888888896	3420.0	3577.8333333333294	3508.8888888888896	0.6	0.6	0.2	0.2	1.0	1.0	-0.7	-0.7	124.52027777777799	123.8975	152.11	151.2225	152.055833333333	151.16805555555598	124.62611111111099	124.001944444444	1
32	1.07813540510544	1.0030381480134398	0.988572399583677	6.22944444444444	6.79305555555556	6.69861111111111	6.28444444444445	1482.8777777777802	1482.97222222222	1482.99166666667	1482.83333333333	66.0	66.0	66.0	66.0	65.0	65.0	66.0	66.0	3536.8333333333294	3339.0833333333303	3229.4166666666697	3359.1111111111104	3461.30555555556	3435.27777777778	3570.9722222222204	3506.77777777778	0.6	0.6	0.2	0.2	1.0	1.0	-0.7	-0.7	124.588055555556	123.9675	152.194166666667	151.301111111111	152.13361111111098	151.248333333333	124.691666666667	124.070555555556	1
33	1.08003545313539	1.00538346507157	0.999914781200732	6.285277777777781	6.7875	6.75194444444444	6.25083333333334	1482.075	1482.16944444444	1482.1777777777802	1482.075	66.0	66.0	66.0	66.0	65.0	65.0	66.0	66.0	3552.1111111111104	3323.27777777778	3220.3611111111104	3352.4166666666697	3466.55555555556	3428.6666666666697	3580.4722222222204	3510.8333333333303	0.6	0.6	0.2	0.2	1.0	1.0	-0.7	-0.7	124.65694444444401	124.03138888888901	152.277222222222	151.382222222222	152.216666666667	151.328888888889	124.76194444444401	124.1325	1
34	1.08635497161129	0.999823175763292	0.996841527053007	6.76416666666667	7.37166666666667	7.35055555555555	6.78777777777778	1483.18611111111	1483.2666666666698	1483.29722222222	1483.13888888889	66.0	66.0	66.0	66.0	65.0	65.0	66.0	66.0	3530.9722222222204	3322.1388888888896	3203.69444444444	3339.75	3445.19444444444	3404.77777777778	3559.8888888888896	3485.72222222222	0.6	0.6	0.2	0.2	1.0	1.0	-0.7	-0.7	124.592777777778	123.91	152.201944444444	151.233611111111	152.14472222222201	151.176388888889	124.694166666667	124.013333333333	1
35	1.08990150120514	1.01237184992964	1.00380311163679	7.379722222222219	8.00861111111112	7.94361111111111	7.2566666666666695	1484.58333333333	1484.6777777777802	1484.6777777777802	1484.55555555555	66.0	66.0	66.0	66.0	65.0	65.0	66.0	66.0	3522.7777777777796	3280.05555555556	3185.8611111111104	3335.3333333333303	3429.22222222222	3387.02777777778	3532.6388888888896	3464.97222222222	0.6	0.6	0.2	0.2	1.0	1.0	-0.7	-0.7	124.50083333333299	123.767777777778	152.098888888889	151.04944444444402	152.04055555555598	150.998055555556	124.601944444444	123.8725	1
36	1.09844965916632	0.9960980088368641	0.9969001148105631	2.29388888888889	2.52805555555556	2.53	2.31083333333333	1483.775	1483.8638888888902	1483.9	1483.7277777777801	65.0	65.0	66.0	66.0	65.0	65.0	66.0	66.0	3746.6388888888896	3655.69444444444	3364.6111111111104	3435.25	3754.19444444444	3731.2777777777796	3548.3333333333294	3520.69444444444	1.0	1.0	0.3	0.3	1.5	1.5	-1.0	-1.0	124.315833333333	124.0875	151.8225	151.491111111111	151.763611111111	151.434722222222	124.42305555555599	124.19277777777799	1
37	1.0975176589303701	0.9924849507304159	0.99884606508193	3.42527777777778	3.765	3.78805555555556	3.4566666666666697	1483.61111111111	1483.7	1483.73055555555	1483.55833333333	65.0	65.0	66.0	66.0	65.0	65.0	66.0	66.0	3744.4166666666706	3604.8888888888896	3359.02777777778	3432.0833333333303	3735.25	3710.7777777777796	3541.6666666666706	3479.6388888888896	1.0	1.0	0.3	0.3	1.5	1.5	-1.0	-1.0	124.385555555556	124.04444444444401	151.92055555555598	151.42666666666702	151.863055555555	151.36638888888902	124.491388888889	124.150277777778	1
38	1.0825338204006298	0.9908665285133169	0.9819675262655211	3.41055555555556	3.76166666666667	3.7291666666666696	3.50916666666667	1483.48055555556	1483.56111111111	1483.5944444444401	1483.4194444444502	65.0	65.0	66.0	66.0	65.0	65.0	66.0	66.0	3732.3333333333294	3624.6388888888896	3352.1666666666697	3419.97222222222	3749.25	3739.69444444444	3552.7777777777796	3482.02777777778	1.0	1.0	0.3	0.3	1.5	1.5	-1.0	-1.0	124.39555555555599	124.057777777778	151.935277777778	151.441388888889	151.874722222222	151.385277777778	124.505	124.16027777777799	1
39	1.0907509305712901	0.99748743718593	0.9963299208035541	3.42166666666667	3.74638888888889	3.74222222222222	3.4438888888888903	1483.4	1483.5027777777802	1483.5027777777802	1483.32777777778	65.0	65.0	66.0	66.0	65.0	65.0	66.0	66.0	3733.0277777777796	3628.55555555556	3350.8611111111104	3417.47222222222	3751.3333333333294	3726.30555555556	3556.8611111111104	3478.0	1.0	1.0	0.3	0.3	1.5	1.5	-1.0	-1.0	124.401388888889	124.062777777778	151.944166666667	151.447777777778	151.886111111111	151.390833333333	124.511388888889	124.166666666667	1
40	1.09203496843128	0.993290143452105	0.996986555401021	3.4141666666666697	3.74083333333333	3.75416666666667	3.44916666666667	1483.36944444445	1483.45555555556	1483.4777777777801	1483.28611111111	65.0	65.0	66.0	66.0	65.0	65.0	66.0	66.0	3748.3888888888896	3612.80555555556	3357.8888888888896	3421.8888888888896	3749.7222222222204	3723.8611111111104	3548.7777777777796	3466.77777777778	1.0	1.0	0.3	0.3	1.5	1.5	-1.0	-1.0	124.40611111111099	124.065277777778	151.946388888889	151.453888888889	151.88805555555598	151.398333333333	124.515	124.170833333333	1
41	1.07413930612787	1.0078816149268102	1.0070422535211299	4.21166666666667	4.491111111111111	4.4875	4.14722222222222	1483.43055555556	1483.51388888889	1483.525	1483.3361111111099	65.0	65.0	66.0	66.0	65.0	65.0	66.0	66.0	3732.6666666666706	3598.05555555556	3351.9166666666697	3429.3611111111104	3729.2222222222204	3712.8333333333294	3532.2777777777796	3454.77777777778	1.0	1.0	0.3	0.3	1.5	1.5	-1.0	-1.0	124.43861111111099	124.024166666667	151.99	151.395555555556	151.933055555556	151.340277777778	124.545277777778	124.13027777777799	1
42	1.08182038247398	0.992534431715793	0.9941258308857641	5.12777777777778	5.58194444444444	5.590555555555559	5.19972222222222	1483.54722222222	1483.64444444444	1483.68333333333	1483.49444444444	65.0	65.0	66.0	66.0	65.0	65.0	66.0	66.0	3712.75	3523.1111111111104	3305.02777777778	3397.6111111111104	3698.6388888888896	3680.75	3515.55555555556	3420.69444444444	1.0	1.0	0.3	0.3	1.5	1.5	-1.0	-1.0	124.476666666667	123.9625	152.04555555555598	151.313333333333	151.989722222222	151.251666666667	124.585555555556	124.068888888889	1
43	1.0868587628614002	1.005448823336	0.99630608093891	5.688055555555559	6.20361111111111	6.14944444444444	5.677777777777781	1483.82777777778	1483.91666666667	1483.95	1483.75	65.0	65.0	66.0	66.0	65.0	65.0	66.0	66.0	3714.5	3517.97222222222	3282.19444444444	3390.1666666666697	3692.55555555556	3661.0	3500.3611111111104	3402.22222222222	1.0	1.0	0.3	0.3	1.5	1.5	-1.0	-1.0	124.48	123.9125	152.058333333333	151.24638888888902	152.001388888889	151.189722222222	124.588333333333	124.01888888888901	1
44	1.08162231230173	0.9890746042438531	0.9955859680246679	6.2538888888888895	6.7975	6.840555555555559	6.355	1484.10555555555	1484.18333333333	1484.2111111111099	1484.03611111111	65.0	65.0	66.0	66.0	65.0	65.0	66.0	66.0	3686.0	3466.75	3264.69444444444	3380.25	3676.9166666666706	3660.4166666666706	3477.05555555556	3382.30555555556	1.0	1.0	0.3	0.3	1.5	1.5	-1.0	-1.0	124.48305555555599	123.865833333333	152.07111111111098	151.177777777778	152.012222222222	151.123611111111	124.59444444444401	123.965277777778	1
45	1.0871553552492	1.0027346731111701	0.9834351577753979	6.24083333333333	6.89833333333333	6.77083333333333	6.3325	1484.3027777777802	1484.40277777778	1484.4277777777802	1484.25555555556	65.0	65.0	66.0	66.0	65.0	65.0	66.0	66.0	3693.6111111111104	3470.6666666666697	3256.69444444444	3372.0833333333303	3691.55555555556	3649.2222222222204	3471.72222222222	3381.30555555556	1.0	1.0	0.3	0.3	1.5	1.5	-1.0	-1.0	124.46638888888901	123.84388888888901	152.0525	151.151666666667	151.985555555555	151.105833333333	124.58	123.94277777777799	1
46	1.07548619342377	1.00273229830767	1.00362349550771	6.34833333333333	6.80222222222222	6.8080555555555495	6.30666666666667	1484.5111111111098	1484.6	1484.6277777777802	1484.44166666667	65.0	65.0	66.0	66.0	65.0	65.0	66.0	66.0	3697.25	3483.22222222222	3267.75	3385.8888888888896	3672.80555555556	3646.0	3481.3888888888896	3385.0	1.0	1.0	0.3	0.3	1.5	1.5	-1.0	-1.0	124.45444444444401	123.82694444444401	152.029166666667	151.135277777778	151.969444444444	151.083611111111	124.560833333333	123.93194444444401	1
47	1.08874826362093	1.00078146450673	1.00027449903925	6.3025	6.85972222222222	6.8563888888888895	6.29555555555555	1484.7388888888902	1484.81111111111	1484.8361111111099	1484.66111111111	65.0	65.0	66.0	66.0	65.0	65.0	66.0	66.0	3691.2777777777796	3468.77777777778	3266.0833333333303	3382.1111111111104	3673.2777777777796	3653.3611111111104	3490.05555555556	3381.3333333333303	1.0	1.0	0.3	0.3	1.5	1.5	-1.0	-1.0	124.43611111111099	123.808888888889	152.009444444445	151.113333333333	151.954166666667	151.05444444444402	124.542777777778	123.911666666667	1
48	1.07446621947477	0.9904299175500592	0.9889657201706641	6.267777777777781	6.8125	6.802777777777781	6.40388888888889	1484.95277777778	1485.0222222222199	1485.0222222222199	1484.86666666667	65.0	65.0	66.0	66.0	65.0	65.0	66.0	66.0	3695.1666666666706	3477.3333333333303	3272.3888888888896	3386.72222222222	3676.7222222222204	3658.0	3480.30555555556	3382.47222222222	1.0	1.0	0.3	0.3	1.5	1.5	-1.0	-1.0	124.414444444444	123.790833333333	151.987777777778	151.092222222222	151.928333333333	151.038888888889	124.530277777778	123.89055555555599	1
49	1.09361587982833	0.993496797516602	0.9868995633187779	6.66166666666667	7.384722222222219	7.33777777777778	6.80055555555555	1485.2805555555599	1485.36666666667	1485.3972222222199	1485.23611111111	65.0	65.0	66.0	66.0	65.0	65.0	66.0	66.0	3684.75	3430.4166666666697	3240.1666666666697	3373.55555555556	3642.7777777777796	3633.25	3468.5833333333303	3355.02777777778	1.0	1.0	0.3	0.3	1.5	1.5	-1.0	-1.0	124.403333333333	123.7425	151.983888888889	151.0225	151.922222222222	150.968333333333	124.51611111111099	123.84416666666701	1
50	1.06608843216744	0.990101707228478	0.987502720742944	7.280277777777781	7.86277777777778	7.842777777777781	7.45166666666667	1485.8972222222199	1485.96388888889	1485.98611111111	1485.81388888889	65.0	65.0	66.0	66.0	65.0	65.0	66.0	66.0	3658.9166666666706	3415.6388888888896	3210.6666666666697	3363.6666666666697	3643.2777777777796	3644.0	3457.0833333333303	3344.69444444444	1.0	1.0	0.3	0.3	1.5	1.5	-1.0	-1.0	124.381388888889	123.66472222222201	151.95888888888902	150.930833333333	151.900833333333	150.874166666667	124.496666666667	123.769722222222	1
53	1.10409756595397	0.9927508215735541	0.996900576299092	2.70694444444444	2.9991666666666696	3.0111111111111097	2.73666666666667	1484.5944444444401	1484.33333333333	1484.25833333333	1484.0805555555498	69.3055555555556	69.3333333333333	66.1388888888889	66.8888888888889	64.9444444444444	65.75	66.0	66.0	3376.77777777778	3301.4166666666697	2880.3888888888896	3001.0833333333303	3654.94444444444	3619.80555555556	3604.8888888888896	3532.05555555556	9.933333333333339	9.933333333333339	2.275	2.14444444444444	1.7916666666666698	1.7916666666666698	-0.7	-0.7	124.26833333333299	124.00138888888901	151.80388888888902	151.414722222222	151.76	151.365	124.413333333333	124.13888888888901	2
60	1.0798685939553199	1.00483862795764	0.9974003684914571	5.29083333333333	5.7272222222222195	5.68638888888889	5.27861111111111	1482.5111111111098	1482.48055555556	1482.41666666667	1482.23611111111	67.1111111111111	65.5277777777778	64.9444444444444	64.8888888888889	64.0	64.0	68.1111111111111	67.3611111111111	3384.8888888888896	3092.5833333333303	2975.27777777778	3213.25	3418.6666666666697	3344.5	3607.2222222222204	3524.05555555556	4.98055555555556	4.98055555555556	3.24444444444444	3.3777777777777795	3.5416666666666696	3.5416666666666696	0.5944444444444449	0.588888888888889	124.569722222222	124.040833333333	152.176111111111	151.422222222222	152.125277777778	151.377222222222	124.695833333333	124.168888888889	2
67	1.1054856895056397	1.0050588478216	0.991284732902693	1.2786111111111103	1.42555555555556	1.4069444444444401	1.2836111111111101	1483.925	1484.05	1484.0305555555599	1483.875	65.4166666666667	65.4166666666667	66.0	66.0	65.0	65.0	66.0	66.0	3585.3611111111104	3524.3888888888896	3369.69444444444	3407.4166666666697	3719.0277777777796	3684.9166666666706	3589.0	3584.5833333333294	0.8666666666666658	0.8666666666666658	0.41111111111111104	0.41111111111111104	1.5	1.5	-0.8999999999999989	-0.8999999999999989	124.25138888888901	124.12388888888901	151.731666666667	151.545833333333	151.677222222222	151.49194444444402	124.35888888888901	124.230555555556	2
68	1.097991343913	0.997991967871485	0.9975697379543571	1.2486111111111102	1.37444444444444	1.3738888888888898	1.25444444444444	1484.20833333333	1484.31388888889	1484.31666666667	1484.1555555555499	65.0	65.0	66.0	66.0	65.0	65.0	66.0	66.0	3704.9166666666706	3682.8888888888896	3334.5	3385.77777777778	3725.6388888888896	3714.19444444444	3564.6388888888896	3547.25	1.175	1.175	0.1	0.1	1.5	1.5	-0.8999999999999989	-0.8999999999999989	124.22555555555599	124.101111111111	151.7	151.519166666667	151.645555555556	151.466388888889	124.331666666667	124.209444444444	2
69	1.08891364902507	1.01309996778696	0.994892530325603	1.25166666666667	1.3691666666666698	1.34555555555556	1.2413888888888898	1484.7333333333302	1484.8583333333302	1484.84722222222	1484.6777777777802	65.9722222222222	65.9722222222222	66.0	66.0	65.0	65.0	66.0	66.0	3607.5277777777796	3559.9722222222204	3506.44444444444	3516.8888888888896	3712.8333333333294	3738.3333333333294	3611.3888888888896	3587.44444444444	0.902777777777777	0.902777777777777	0.6	0.6	1.5	1.5	-0.8999999999999989	-0.8999999999999989	124.18222222222201	124.0575	151.64638888888902	151.466388888889	151.589166666667	151.41361111111098	124.289444444444	124.165277777778	2
70	1.10128029263832	1.0102799650043701	1.0002176278563701	1.22166666666667	1.3444444444444401	1.3316666666666699	1.20833333333333	1485.30833333333	1485.41666666667	1485.41111111111	1485.2333333333302	65.1944444444444	65.1944444444444	66.0	66.0	65.0	65.0	66.0	66.0	3658.0	3600.1666666666706	3382.77777777778	3388.25	3740.9722222222204	3709.6111111111104	3564.0277777777796	3560.30555555556	0.9555555555555559	0.9555555555555559	0.5	0.5	1.5	1.5	-0.8999999999999989	-0.8999999999999989	124.135277777778	124.0125	151.58638888888902	151.409722222222	151.530833333333	151.35805555555598	124.24027777777799	124.120277777778	2
71	1.09222402221708	1.02316213494461	1.0058797426225898	1.21833333333333	1.32166666666667	1.30027777777778	1.18222222222222	1485.63888888889	1486.0916666666699	1486.0333333333301	1485.86666666667	67.8055555555556	67.8055555555556	65.8888888888889	65.8888888888889	65.0	65.0	66.0	66.0	2996.8888888888896	2966.25	3266.02777777778	3234.19444444444	3726.5277777777796	3693.94444444444	3605.4722222222204	3586.80555555556	5.40277777777778	5.40277777777778	0.7777777777777779	0.7777777777777779	1.5	1.5	-0.8999999999999989	-0.8999999999999989	124.020833333333	123.945833333333	151.51722222222202	151.345833333333	151.466666666667	151.295	124.18694444444401	124.069444444445	2
74	1.1069408437426298	1.00938413126546	0.9893741307371341	2.35555555555556	2.63416666666667	2.58444444444444	2.3588888888888904	1485.9138888888901	1486.0333333333301	1486.05555555555	1485.88055555556	66.0	66.0	66.0	66.0	65.0	65.0	66.0	66.0	3349.72222222222	3283.52777777778	3286.72222222222	3348.97222222222	3706.5	3677.4166666666706	3633.7222222222204	3617.3611111111104	0.1	0.1	0.2	0.2	1.4	1.4	-0.7	-0.7	124.139722222222	123.90555555555599	151.606944444445	151.263333333333	151.549444444445	151.209722222222	124.241666666667	124.007777777778	3
75	1.09800205973224	0.999568119356105	1.0001963710627602	3.37111111111111	3.70083333333333	3.70305555555556	3.37194444444444	1486.3	1486.41944444444	1486.44166666667	1486.26388888889	66.0	66.0	66.0	66.0	65.0	65.0	66.0	66.0	3360.8888888888896	3233.97222222222	3279.8333333333303	3317.6666666666697	3705.8888888888896	3688.0833333333294	3636.05555555556	3566.94444444444	0.1	0.1	0.2	0.2	1.4	1.4	-0.7	-0.7	124.159444444444	123.8225	151.638888888889	151.153333333333	151.583055555556	151.097777777778	124.261944444445	123.927222222222	3
76	1.10797095469923	1.01669626998224	0.9937953640833509	3.38472222222222	3.7702777777777796	3.68944444444444	3.34805555555556	1486.49444444444	1486.6222222222198	1486.6277777777802	1486.4472222222198	66.0	66.0	66.0	66.0	65.0	65.0	66.0	66.0	3352.5833333333303	3244.8611111111104	3257.8611111111104	3323.6388888888896	3713.05555555556	3679.8333333333294	3634.7777777777796	3575.7222222222204	0.1	0.1	0.2	0.2	1.4	1.4	-0.7	-0.7	124.14138888888901	123.808888888889	151.623333333333	151.130555555556	151.563333333333	151.078888888889	124.24694444444401	123.911666666667	3
77	1.09122907543077	0.991852487135507	1.00121416261946	3.38111111111111	3.68638888888889	3.71972222222222	3.40583333333333	1487.4472222222198	1487.56944444444	1487.5861111111099	1487.41666666667	66.0	66.0	66.0	66.0	65.0	65.0	66.0	66.0	3360.05555555556	3237.9166666666697	3264.3333333333303	3331.75	3706.1388888888896	3678.75	3623.1111111111104	3578.3611111111104	0.1	0.1	0.2	0.2	1.4	1.4	-0.7	-0.7	124.060833333333	123.72972222222201	151.522222222222	151.0375	151.466388888889	150.980833333333	124.165	123.8325	3
78	1.0920318398161801	1.00302494598311	0.994952656702403	3.3813888888888903	3.7108333333333303	3.6822222222222205	3.3886111111111097	1487.5861111111099	1487.70555555556	1487.71388888889	1487.55	66.0	66.0	66.0	66.0	65.0	65.0	66.0	66.0	3351.0833333333303	3249.22222222222	3271.19444444444	3326.6666666666697	3697.6666666666706	3690.1111111111104	3638.1111111111104	3578.1388888888896	0.1	0.1	0.2	0.2	1.4	1.4	-0.7	-0.7	124.051666666667	123.715833333333	151.50611111111098	151.02166666666702	151.45027777777798	150.968333333333	124.155277777778	123.819444444444	3
79	1.09949388964325	1.00290480863592	1.00660689004247	3.3922222222222205	3.7047222222222205	3.71777777777778	3.35861111111111	1487.7	1487.81944444444	1487.83888888889	1487.67222222222	66.0	66.0	66.0	66.0	65.0	65.0	66.0	66.0	3357.1111111111104	3238.30555555556	3247.75	3341.9166666666697	3710.8333333333294	3655.6388888888896	3631.5	3566.19444444444	0.1	0.1	0.2	0.2	1.4	1.4	-0.7	-0.7	124.041388888889	123.706666666667	151.494444444444	151.011388888889	151.442222222222	150.9525	124.144166666667	123.810277777778	3
80	1.08356830534102	1.00578284815106	0.985011290196994	3.3822222222222202	3.71972222222222	3.6458333333333304	3.4152777777777796	1485.39444444444	1485.5027777777802	1485.525	1485.3722222222198	66.0	66.0	66.0	66.0	65.0	65.0	66.0	66.0	3343.80555555556	3236.44444444444	3261.97222222222	3327.52777777778	3696.2777777777796	3673.3333333333294	3640.1111111111104	3564.4722222222204	0.1	0.1	0.2	0.2	1.4	1.4	-0.7	-0.7	124.235	123.896388888889	151.733333333333	151.244444444444	151.673055555556	151.193055555555	124.338333333333	124.00138888888901	3
81	1.09483244389937	1.0026300779517099	0.9925279021375891	4.17944444444445	4.60972222222222	4.56527777777778	4.20083333333333	1483.54444444444	1483.6472222222199	1483.66666666667	1483.50833333333	66.0	66.0	66.0	66.0	65.0	65.0	66.0	66.0	3351.47222222222	3214.0	3243.75	3316.1388888888896	3684.6666666666706	3663.3611111111104	3620.3888888888896	3534.5	0.1	0.1	0.2	0.2	1.4	1.4	-0.7	-0.7	124.429444444444	124.01388888888901	151.98277777777798	151.374722222222	151.921666666667	151.323888888889	124.53166666666701	124.116111111111	3
82	1.08725721402263	0.996730038022815	0.998858099878197	5.22944444444445	5.693055555555559	5.70472222222222	5.253611111111111	1482.3222222222198	1482.43333333333	1482.43888888889	1482.29444444444	66.0	66.0	66.0	66.0	65.0	65.0	66.0	66.0	3328.94444444444	3136.22222222222	3201.47222222222	3307.5833333333303	3650.9722222222204	3621.0	3575.7777777777796	3509.6388888888896	0.1	0.1	0.2	0.2	1.4	1.4	-0.7	-0.7	124.583611111111	124.06138888888901	152.180277777778	151.42916666666702	152.123333333333	151.374444444444	124.68833333333299	124.16472222222201	3
83	1.09521825445455	0.995541445878756	0.995541445878756	5.64027777777778	6.206388888888889	6.206388888888889	5.69333333333333	1482.74444444444	1482.84722222222	1482.84722222222	1482.7111111111099	66.0	66.0	66.0	66.0	65.0	65.0	66.0	66.0	3349.1388888888896	3168.75	3184.3611111111104	3292.3333333333303	3632.7777777777796	3597.25	3560.25	3491.3333333333303	0.144444444444444	0.144444444444444	0.2	0.2	1.4	1.4	-0.7	-0.7	124.5725	124.004444444444	152.172222222222	151.35111111111098	152.115555555556	151.295833333333	124.676944444444	124.107777777778	3
84	1.08603364320496	1.0029540527904102	0.9988335348136841	6.28083333333333	6.8283333333333305	6.80138888888889	6.26916666666667	1483.4611111111099	1483.58333333333	1483.59722222222	1483.43333333333	66.0	66.0	66.0	66.0	65.0	65.0	66.0	66.0	3486.97222222222	3281.5	3168.44444444444	3283.1666666666697	3629.19444444444	3584.6388888888896	3557.2777777777796	3449.69444444444	0.5	0.5	0.2	0.2	1.4	1.4	-0.7	-0.7	124.538888888889	123.916666666667	152.136666666667	151.237777777778	152.07972222222202	151.17944444444402	124.64305555555599	124.0175	3
85	1.08200958840554	0.994666102233041	0.986215908611896	6.2236111111111105	6.83	6.77416666666667	6.3494444444444404	1484.0	1484.125	1484.13888888889	1483.99444444444	66.0	66.0	66.0	66.0	65.0	65.0	66.0	66.0	3489.69444444444	3289.0833333333303	3172.8333333333303	3287.8333333333303	3625.0	3603.30555555556	3551.8611111111104	3470.22222222222	0.5	0.5	0.2	0.2	1.4	1.4	-0.7	-0.7	124.49444444444401	123.86944444444401	152.078333333333	151.181944444444	152.019166666667	151.128055555556	124.59888888888901	123.97055555555599	3
86	1.08603349463684	0.9834192057333081	0.98776030599235	6.133888888888889	6.7497222222222195	6.77833333333333	6.3225	1484.5722222222198	1484.68888888889	1484.6972222222198	1484.5527777777802	66.0	66.0	66.0	66.0	65.0	65.0	66.0	66.0	3490.3333333333303	3254.6388888888896	3171.69444444444	3304.25	3639.05555555556	3598.25	3546.9166666666706	3458.8888888888896	0.5	0.5	0.2	0.2	1.4	1.4	-0.7	-0.7	124.4425	123.82611111111099	152.014722222222	151.132222222222	151.96194444444401	151.074166666667	124.553333333333	123.92527777777799	3
87	1.08980674497916	0.985787812678712	0.9923709543744821	6.15944444444445	6.768888888888889	6.8122222222222195	6.3025	1485.0027777777802	1485.1083333333302	1485.125	1484.98055555556	66.0	66.0	66.0	66.0	65.0	65.0	66.0	66.0	3486.3333333333303	3281.22222222222	3177.22222222222	3295.94444444444	3636.6666666666706	3590.1666666666706	3558.80555555556	3468.3888888888896	0.5	0.5	0.2	0.2	1.4	1.4	-0.7	-0.7	124.4075	123.791388888889	151.974166666667	151.087222222222	151.92	151.026944444444	124.51694444444401	123.88944444444401	3
88	1.10007392969958	1.00177240598774	1.00066161562267	6.2075	6.82361111111111	6.8163888888888895	6.19166666666667	1485.36111111111	1485.48611111111	1485.48055555556	1485.36111111111	66.0	66.0	66.0	66.0	65.0	65.0	66.0	66.0	3482.97222222222	3275.1388888888896	3181.0	3290.47222222222	3648.7777777777796	3591.5277777777796	3554.7222222222204	3463.19444444444	0.5	0.5	0.2	0.2	1.4	1.4	-0.7	-0.7	124.37388888888901	123.76444444444401	151.938611111111	151.045	151.88305555555598	150.988611111111	124.48	123.85861111111099	3
89	1.08315999114848	0.99732665704829	1.00310664737425	6.27777777777778	6.77944444444444	6.817222222222219	6.275	1485.6972222222198	1485.8222222222198	1485.81666666667	1485.7	66.0	66.0	66.0	66.0	65.0	65.0	66.0	66.0	3489.1111111111104	3285.94444444444	3178.5	3301.0833333333303	3639.05555555556	3601.44444444444	3549.4722222222204	3473.8333333333303	0.5	0.5	0.2	0.2	1.4	1.4	-0.7	-0.7	124.35472222222201	123.73	151.89944444444401	151.013333333333	151.848333333333	150.956111111111	124.455	123.82833333333299	3
90	1.09314195879867	0.9909888914782881	0.9967668426075609	6.758888888888889	7.4155555555555495	7.45694444444444	6.84638888888889	1486.09722222222	1486.20555555556	1486.2388888888902	1486.0805555555498	66.0	66.0	66.0	66.0	65.0	65.0	66.0	66.0	3463.05555555556	3224.05555555556	3151.97222222222	3278.80555555556	3627.6388888888896	3583.5277777777796	3542.5	3432.4166666666697	0.5	0.5	0.2	0.2	1.4	1.4	-0.7	-0.7	124.34416666666701	123.668888888889	151.901944444444	150.93138888888902	151.850833333333	150.870555555556	124.45388888888901	123.766666666667	3
91	1.0879891210664399	1.0116993596722699	1.00397058823529	7.31055555555556	7.918611111111111	7.8605555555555595	7.1925	1486.58888888889	1486.6972222222198	1486.6972222222198	1486.57777777778	66.0	66.0	66.0	66.0	65.0	65.0	66.0	66.0	3452.69444444444	3210.6111111111104	3136.05555555556	3268.52777777778	3616.1111111111104	3546.6111111111104	3496.44444444444	3404.27777777778	0.5	0.5	0.2	0.2	1.4	1.4	-0.7	-0.7	124.325555555556	123.60805555555599	151.891388888889	150.845833333333	151.831111111111	150.794166666667	124.4275	123.711388888889	3
92	1.08567714488301	1.01679808021941	1.00056676490592	2.3716666666666697	2.57166666666667	2.53222222222222	2.32944444444444	1486.67222222222	1486.79722222222	1486.79722222222	1486.61944444444	66.0	66.0	66.0	66.0	65.0	65.0	66.0	66.0	3523.94444444444	3476.1111111111104	3284.3333333333303	3325.5833333333303	3735.8333333333294	3702.3333333333294	3644.94444444444	3598.3333333333294	0.5	0.5	0.2	0.2	1.4	1.4	-0.7	-0.7	124.07666666666701	123.842222222222	151.525	151.191388888889	151.468888888889	151.136944444444	124.179444444444	123.947777777778	3
93	1.08245677668964	1.01222789049418	0.999380900789351	3.46694444444444	3.7533333333333303	3.7075	3.42555555555556	1486.7666666666698	1486.86666666667	1486.8916666666698	1486.7194444444401	66.0	66.0	66.0	66.0	65.0	65.0	66.0	66.0	3532.55555555556	3422.75	3264.30555555556	3331.94444444444	3710.4166666666706	3668.8611111111104	3636.05555555556	3577.9166666666706	0.5	0.5	0.2	0.2	1.4	1.4	-0.7	-0.7	124.121666666667	123.78166666666701	151.593888888889	151.107222222222	151.5375	151.050277777778	124.22555555555599	123.8875	3
94	1.09271658365314	1.00300887030597	0.9898680124223621	3.3891666666666698	3.74083333333333	3.6938888888888903	3.4147222222222204	1485.3861111111098	1485.5	1485.50833333333	1485.3416666666699	66.0	66.0	66.0	66.0	65.0	65.0	66.0	66.0	3533.2222222222204	3418.6111111111104	3269.5	3330.80555555556	3707.80555555556	3665.80555555556	3624.8611111111104	3578.0277777777796	0.5	0.5	0.2	0.2	1.4	1.4	-0.7	-0.7	124.234722222222	123.898333333333	151.734444444445	151.245277777778	151.678055555556	151.191944444444	124.3425	124.00083333333299	3
95	1.08664981242864	1.01325832087497	1.0008993157380301	3.4311111111111097	3.72305555555555	3.6794444444444503	3.38111111111111	1484.23055555556	1484.35555555556	1484.36666666667	1484.18888888889	66.0	66.0	66.0	66.0	65.0	65.0	66.0	66.0	3533.30555555556	3415.5833333333303	3274.69444444444	3337.69444444444	3711.4166666666706	3671.3611111111104	3629.8333333333294	3574.2777777777796	0.5	0.5	0.2	0.2	1.4	1.4	-0.7	-0.7	124.33277777777799	123.993611111111	151.852777777778	151.3625	151.79527777777798	151.310555555556	124.43861111111099	124.098611111111	3
96	1.08866634098681	1.00821982151245	0.9969640354974308	3.4208333333333303	3.73416666666667	3.69416666666667	3.4025	1483.1277777777802	1483.23055555556	1483.2527777777802	1483.0944444444401	66.0	66.0	66.0	66.0	65.0	65.0	66.0	66.0	3532.1666666666706	3424.0	3261.22222222222	3332.4166666666697	3704.44444444444	3677.44444444444	3632.2777777777796	3573.8888888888896	0.5	0.5	0.2	0.2	1.4	1.4	-0.7	-0.7	124.425	124.086388888889	151.966666666667	151.473333333333	151.908055555556	151.423888888889	124.53138888888901	124.191111111111	3
97	1.08621177231043	1.0127060841096	1.00356948863196	3.46694444444445	3.75055555555556	3.71805555555556	3.40888888888889	1482.125	1482.23055555556	1482.24166666667	1482.06388888889	66.0	66.0	66.0	66.0	65.0	65.0	66.0	66.0	3527.5277777777796	3412.6388888888896	3259.22222222222	3334.5	3701.6388888888896	3682.2222222222204	3606.8333333333294	3553.30555555556	0.5	0.5	0.2	0.2	1.4	1.4	-0.7	-0.7	124.5125	124.165555555556	152.07055555555598	151.57944444444402	152.01305555555598	151.523333333333	124.617777777778	124.274166666667	3
98	1.08906256360158	1.00939665635645	1.00085769980507	3.4302777777777798	3.73111111111111	3.70083333333333	3.39388888888889	1481.25	1481.34722222222	1481.36666666667	1481.19166666667	66.0	66.0	66.0	66.0	65.0	65.0	66.0	66.0	3544.0277777777796	3402.97222222222	3263.22222222222	3328.6388888888896	3688.7222222222204	3687.5833333333294	3633.0833333333294	3564.6388888888896	0.5	0.5	0.2	0.2	1.4	1.4	-0.7	-0.7	124.58527777777799	124.243333333333	152.158888888889	151.67	152.1025	151.614722222222	124.691944444444	124.34555555555599	3
99	1.08479687189343	1.0082032621532802	0.9976820981774319	4.20416666666667	4.56972222222222	4.52388888888889	4.17861111111111	1481.425	1481.52777777778	1481.53611111111	1481.3722222222198	66.0	66.0	66.0	66.0	65.0	65.0	66.0	66.0	3534.3333333333294	3379.02777777778	3240.02777777778	3329.25	3671.9166666666706	3670.1388888888896	3606.9166666666706	3543.0277777777796	0.5	0.5	0.2	0.2	1.4	1.4	-0.7	-0.7	124.610277777778	124.18666666666701	152.199722222222	151.593333333333	152.138333333333	151.54111111111098	124.71472222222201	124.29222222222201	3
100	1.09345996114828	1.00687996275509	1.0006703968233501	5.16805555555556	5.64555555555556	5.612222222222219	5.1275	1481.91111111111	1482.0111111111098	1482.0027777777802	1481.86944444444	66.0	66.0	66.0	66.0	65.0	65.0	66.0	66.0	3515.55555555556	3342.52777777778	3206.3611111111104	3318.1666666666697	3663.19444444444	3639.30555555556	3591.5833333333294	3513.1666666666697	0.5	0.5	0.2	0.2	1.4	1.4	-0.7	-0.7	124.620833333333	124.095	152.219166666667	151.474166666667	152.16111111111098	151.421388888889	124.71833333333299	124.206944444444	3
101	1.07783940197733	1.0063332401974499	0.987727797001153	5.74166666666667	6.263888888888889	6.152222222222219	5.77777777777778	1482.45833333333	1482.56111111111	1482.5388888888901	1482.41666666667	66.0	66.0	66.0	66.0	65.0	65.0	66.0	66.0	3494.1111111111104	3302.80555555556	3183.1111111111104	3306.4166666666697	3635.6388888888896	3630.55555555556	3572.6111111111104	3498.9166666666697	0.5	0.5	0.2	0.2	1.4	1.4	-0.7	-0.7	124.601111111111	124.024444444445	152.202777777778	151.381666666667	152.141111111111	151.33222222222201	124.704166666667	124.132222222222	3
102	1.07409527163864	1.00416905962181	0.9967787738148219	6.3125	6.80111111111111	6.75277777777778	6.30638888888889	1483.05555555555	1483.15277777778	1483.19166666667	1483.01944444444	66.0	66.0	66.0	66.0	65.0	65.0	66.0	66.0	3496.3888888888896	3281.25	3170.30555555556	3298.6388888888896	3627.3888888888896	3576.69444444444	3558.75	3489.69444444444	0.5	0.5	0.2	0.2	1.4	1.4	-0.7	-0.7	124.571666666667	123.95305555555599	152.176111111111	151.284166666667	152.117222222222	151.227777777778	124.679722222222	124.053611111111	3
103	1.0742592879428199	1.0026490632143399	0.9938318870171859	6.26527777777778	6.77166666666667	6.71416666666667	6.28833333333333	1483.46388888889	1483.5527777777802	1483.55555555555	1483.41666666667	66.0	66.0	66.0	66.0	65.0	65.0	66.0	66.0	3484.69444444444	3281.72222222222	3187.5833333333303	3295.1388888888896	3633.5833333333294	3604.1111111111104	3561.1111111111104	3474.30555555556	0.5	0.5	0.2	0.2	1.4	1.4	-0.7	-0.7	124.538333333333	123.9175	152.131944444444	151.245277777778	152.076944444444	151.193333333333	124.644444444444	124.021388888889	3
104	1.07750480949959	1.00501515216185	0.991753232987068	6.27027777777778	6.81111111111111	6.7244444444444404	6.29166666666667	1483.86111111111	1483.95	1483.95833333333	1483.79722222222	66.0	66.0	66.0	66.0	65.0	65.0	66.0	66.0	3497.77777777778	3296.44444444444	3177.22222222222	3287.77777777778	3634.44444444444	3586.5833333333294	3560.3888888888896	3478.1111111111104	0.5	0.5	0.2	0.2	1.4	1.4	-0.7	-0.7	124.508611111111	123.881944444444	152.095	151.201944444444	152.03861111111098	151.148055555556	124.611666666667	123.988055555555	3
105	1.08554297135243	1.00688107703815	0.990884229717411	6.24666666666667	6.84138888888889	6.736944444444441	6.26166666666667	1484.18055555556	1484.2833333333301	1484.29444444444	1484.1222222222198	66.0	66.0	66.0	66.0	65.0	65.0	66.0	66.0	3488.8888888888896	3280.52777777778	3185.72222222222	3296.80555555556	3638.44444444444	3586.5833333333294	3554.8611111111104	3485.69444444444	0.5	0.5	0.2	0.2	1.4	1.4	-0.7	-0.7	124.478055555556	123.857777777778	152.061944444444	151.16777777777799	151.999722222222	151.118333333333	124.58527777777799	123.961111111111	3
106	1.08768764755668	0.9983583839675949	0.9931317512971001	6.20805555555556	6.799722222222219	6.76555555555555	6.263611111111111	1484.49166666667	1484.5861111111099	1484.6083333333302	1484.4666666666699	66.0	66.0	66.0	66.0	65.0	65.0	66.0	66.0	3486.30555555556	3289.05555555556	3195.1388888888896	3294.3611111111104	3637.2222222222204	3594.5277777777796	3538.3333333333294	3470.6111111111104	0.5	0.5	0.2	0.2	1.4	1.4	-0.7	-0.7	124.45638888888901	123.829722222222	152.031388888889	151.13777777777798	151.970277777778	151.08222222222201	124.555555555556	123.935555555556	3
107	1.0884137467816	1.01097337501347	1.00319982819714	6.24916666666667	6.77694444444445	6.72694444444445	6.15777777777778	1484.8444444444401	1484.91944444444	1484.925	1484.79722222222	66.0	66.0	66.0	66.0	65.0	65.0	66.0	66.0	3489.1388888888896	3268.5833333333303	3180.80555555556	3276.72222222222	3632.8611111111104	3596.3333333333294	3544.0833333333294	3482.0833333333303	0.5	0.5	0.2	0.2	1.4	1.4	-0.7	-0.7	124.427222222222	123.79805555555599	151.99638888888902	151.101388888889	151.934166666667	151.052222222222	124.52055555555599	123.912222222222	3
108	1.07132042715546	1.00757190373704	1.01198086199459	6.949444444444441	7.35527777777778	7.38638888888889	6.81083333333333	1485.20555555556	1485.32777777778	1485.33055555556	1485.18333333333	66.0	66.0	66.0	66.0	65.0	65.0	66.0	66.0	3489.1111111111104	3273.9166666666697	3155.55555555556	3274.5	3612.2222222222204	3580.5	3524.4166666666706	3436.5	0.5	0.5	0.2	0.2	1.4	1.4	-0.7	-0.7	124.42388888888901	123.741388888889	151.99138888888902	151.02444444444401	151.935555555556	150.969722222222	124.524166666667	123.84444444444401	3
109	1.0760300049003	0.9972439303004479	0.9984759693016679	7.3527777777777805	7.924722222222219	7.93416666666667	7.38555555555555	1485.69444444444	1485.7888888888901	1485.80833333333	1485.66666666667	66.0	66.0	66.0	66.0	65.0	65.0	66.0	66.0	3460.30555555556	3228.4166666666697	3147.27777777778	3277.77777777778	3606.0	3562.80555555556	3494.19444444444	3421.5833333333303	0.5	0.5	0.2	0.2	1.4	1.4	-0.7	-0.7	124.40888888888901	123.6725	151.981111111111	150.94111111111098	151.92055555555598	150.884444444444	124.510833333333	123.779722222222	3
110	1.1064634219528302	1.0064021950383	1.00766458845736	2.33138888888889	2.5591666666666697	2.5622222222222204	2.2972222222222203	1481.24444444445	1481.3861111111098	1481.43055555556	1481.30555555556	66.0	66.0	66.0	66.0	65.0	65.0	66.0	66.0	3551.80555555556	3465.3333333333303	3409.3888888888896	3484.05555555556	3726.0	3710.9166666666706	3561.1666666666706	3525.2222222222204	0.6	0.6	0.4	0.4	1.5	1.5	-0.8999999999999989	-0.8999999999999989	124.530277777778	124.297222222222	152.079166666667	151.743611111111	152.018888888889	151.6825	124.62388888888901	124.396388888889	3
111	1.1127600048655901	1.00415392603704	1.00415392603704	2.29361111111111	2.54111111111111	2.54111111111111	2.27361111111111	1481.43055555556	1481.54722222222	1481.6083333333302	1481.48055555556	66.0	66.0	66.0	66.0	65.0	65.0	66.0	66.0	3560.5277777777796	3472.9166666666697	3409.19444444444	3451.80555555556	3710.6388888888896	3733.0	3558.69444444444	3530.94444444444	0.6	0.6	0.4	0.4	1.5	1.5	-0.8999999999999989	-0.8999999999999989	124.513055555556	124.28388888888901	152.062222222222	151.724166666667	151.999722222222	151.66555555555598	124.60888888888901	124.381666666667	3
112	1.10606565572405	1.00698717694231	0.9929041668309221	3.33361111111111	3.7122222222222203	3.6627777777777797	3.33416666666667	1481.70277777778	1481.8444444444501	1481.9055555555599	1481.75833333333	66.0	66.0	66.0	66.0	65.0	65.0	66.0	66.0	3552.75	3426.30555555556	3390.22222222222	3474.8333333333303	3710.7777777777796	3686.5833333333294	3552.7777777777796	3483.8611111111104	0.6	0.6	0.4	0.4	1.5	1.5	-0.8999999999999989	-0.8999999999999989	124.5425	124.207222222222	152.1075	151.6225	152.046111111111	151.559722222222	124.636388888889	124.304166666667	3
113	1.10845610994181	1.00305810397553	0.9867781450515271	3.34722222222222	3.75944444444444	3.70138888888889	3.38361111111111	1481.8583333333302	1482.0027777777802	1482.04444444444	1481.9055555555599	66.0	66.0	66.0	66.0	65.0	65.0	66.0	66.0	3556.8888888888896	3437.44444444444	3376.4166666666697	3458.22222222222	3705.9166666666706	3707.25	3551.1388888888896	3495.77777777778	0.6	0.6	0.4	0.4	1.5	1.5	-0.8999999999999989	-0.8999999999999989	124.526666666667	124.19722222222201	152.092222222222	151.60055555555599	152.031666666667	151.544444444444	124.626944444444	124.288611111111	3
114	1.10486284289277	1.02782894209978	0.9946827366182192	3.3805555555555498	3.7497222222222204	3.63444444444444	3.30277777777778	1482.00833333333	1482.15277777778	1482.20277777778	1482.0527777777802	66.0	66.0	66.0	66.0	65.0	65.0	66.0	66.0	3544.5	3431.80555555556	3379.97222222222	3461.25	3718.8611111111104	3681.8888888888896	3555.4722222222204	3507.47222222222	0.6	0.6	0.4	0.4	1.5	1.5	-0.8999999999999989	-0.8999999999999989	124.51805555555599	124.180277777778	152.081111111111	151.584722222222	152.01305555555598	151.530833333333	124.611666666667	124.279722222222	3
115	1.1029784405765801	1.00558592821488	0.996568859441552	3.34722222222222	3.7036111111111096	3.67194444444444	3.3397222222222203	1482.1277777777802	1482.275	1482.3527777777801	1482.20277777778	66.0	66.0	66.0	66.0	65.0	65.0	66.0	66.0	3560.0277777777796	3450.0833333333303	3387.4166666666697	3464.5	3709.8611111111104	3695.8611111111104	3562.69444444444	3488.0833333333303	0.6	0.6	0.4	0.4	1.5	1.5	-0.8999999999999989	-0.8999999999999989	124.508333333333	124.17	152.0625	151.575833333333	151.999166666667	151.515833333333	124.59888888888901	124.269444444444	3
116	1.10969205562324	1.009805491075	1.00531107738998	3.3322222222222204	3.6763888888888903	3.66083333333333	3.27972222222222	1482.2666666666698	1482.4083333333301	1482.4472222222198	1482.31666666667	66.0	66.0	66.0	66.0	65.0	65.0	66.0	66.0	3547.1111111111104	3437.77777777778	3388.19444444444	3464.6111111111104	3709.3611111111104	3706.55555555556	3544.0	3506.0	0.6	0.6	0.4	0.4	1.5	1.5	-0.8999999999999989	-0.8999999999999989	124.495555555556	124.1625	152.048611111111	151.563888888889	151.98916666666702	151.50805555555598	124.589166666667	124.25944444444401	3
117	1.11754813755991	1.00853371615425	0.9902793693444509	3.3013888888888903	3.72388888888889	3.66	3.30583333333333	1482.3861111111098	1482.52777777778	1482.58333333333	1482.46388888889	66.0	66.0	66.0	66.0	65.0	65.0	66.0	66.0	3549.8888888888896	3418.9166666666697	3370.19444444444	3466.47222222222	3717.6111111111104	3677.44444444444	3548.75	3488.1666666666697	0.6	0.6	0.4	0.4	1.5	1.5	-0.8999999999999989	-0.8999999999999989	124.485	124.151666666667	152.04083333333298	151.54972222222202	151.973888888889	151.49388888888902	124.57833333333299	124.24611111111099	3
118	1.1075987435674701	1.00834262060182	1.00438554676328	4.18416666666667	4.612222222222219	4.595	4.12861111111111	1482.6277777777802	1482.75	1482.79722222222	1482.68055555556	66.0	66.0	66.0	66.0	65.0	65.0	66.0	66.0	3558.4722222222204	3397.8888888888896	3360.6388888888896	3455.9166666666697	3686.7777777777796	3659.6111111111104	3543.3888888888896	3479.52777777778	0.6	0.6	0.4	0.4	1.5	1.5	-0.8999999999999989	-0.8999999999999989	124.506388888889	124.090277777778	152.074444444444	151.469166666667	152.015555555556	151.405833333333	124.601944444444	124.189166666667	3
119	1.10562808081902	0.997841393842833	0.9950728803120509	5.10888888888889	5.67722222222222	5.66222222222222	5.1472222222222195	1482.88333333333	1483.02777777778	1483.1	1482.9666666666699	66.0	66.0	66.0	66.0	65.0	65.0	66.0	66.0	3524.05555555556	3347.8888888888896	3323.47222222222	3425.22222222222	3673.05555555556	3634.3888888888896	3515.75	3424.0833333333303	0.6	0.6	0.4	0.4	1.5	1.5	-0.8999999999999989	-0.8999999999999989	124.529444444445	124.021666666667	152.115277777778	151.370555555556	152.0525	151.308055555556	124.626666666667	124.111944444444	3
120	1.1094786496978	1.0187153202294799	0.99813823597859	5.70277777777778	6.33277777777778	6.21111111111111	5.60333333333333	1483.2277777777801	1483.3444444444501	1483.41944444444	1483.27777777778	66.0	66.0	66.0	66.0	65.0	65.0	66.0	66.0	3514.8888888888896	3323.6111111111104	3303.94444444444	3413.80555555556	3650.69444444444	3632.8888888888896	3490.80555555556	3403.3611111111104	0.6	0.6	0.4	0.4	1.5	1.5	-0.8999999999999989	-0.8999999999999989	124.53055555555599	123.962777777778	152.127222222222	151.293888888889	152.061388888889	151.237777777778	124.62111111111099	124.06361111111099	3
121	1.10371064551398	0.9993638137246591	0.999406213551056	6.22055555555556	6.87	6.870277777777781	6.22861111111111	1483.6222222222198	1483.75	1483.80833333333	1483.71388888889	66.0	66.0	66.0	66.0	65.0	65.0	66.0	66.0	3495.44444444444	3260.8333333333303	3280.3333333333303	3396.3333333333303	3618.2777777777796	3586.7777777777796	3465.6388888888896	3392.1388888888896	0.6	0.6	0.4	0.4	1.5	1.5	-0.8999999999999989	-0.8999999999999989	124.527777777778	123.900277777778	152.120277777778	151.215555555556	152.05638888888902	151.157222222222	124.618055555556	123.99944444444401	3
122	1.11332429990967	1.00940519647842	1.0035541472187701	6.191944444444441	6.86583333333333	6.82805555555556	6.10805555555555	1483.93888888889	1484.075	1484.1361111111098	1484.0166666666698	66.0	66.0	66.0	66.0	65.0	65.0	66.0	66.0	3495.6666666666697	3306.55555555556	3278.5833333333303	3405.94444444444	3639.30555555556	3582.25	3478.9166666666697	3387.94444444444	0.6	0.6	0.4	0.4	1.5	1.5	-0.8999999999999989	-0.8999999999999989	124.498055555556	123.88	152.086666666667	151.1875	152.026944444444	151.12861111111098	124.58277777777799	123.9825	3
123	1.0911766017209898	1.00508720930233	0.990704978566275	6.21638888888889	6.84527777777778	6.75138888888889	6.24416666666667	1484.15277777778	1484.275	1484.325	1484.2194444444401	66.0	66.0	66.0	66.0	65.0	65.0	66.0	66.0	3491.25	3284.8888888888896	3289.30555555556	3413.1388888888896	3614.7222222222204	3594.75	3477.47222222222	3404.6666666666697	0.6	0.6	0.4	0.4	1.5	1.5	-0.8999999999999989	-0.8999999999999989	124.478333333333	123.85861111111099	152.068888888889	151.1625	152.000555555556	151.109722222222	124.572777777778	123.959444444444	3
124	1.10788568344838	1.0113285272914498	1.00277736236033	6.2225	6.87083333333333	6.81555555555556	6.13111111111111	1484.3861111111098	1484.4972222222198	1484.58333333333	1484.43888888889	66.0	66.0	66.0	66.0	65.0	65.0	66.0	66.0	3491.1666666666697	3288.52777777778	3292.3333333333303	3406.75	3632.3888888888896	3593.6111111111104	3459.02777777778	3408.1666666666697	0.6	0.6	0.4	0.4	1.5	1.5	-0.8999999999999989	-0.8999999999999989	124.455	123.845277777778	152.0425	151.140555555556	151.977777777778	151.083611111111	124.55277777777799	123.940833333333	3
125	1.0997117898076398	1.00719747127419	1.00788360466607	6.26555555555556	6.83416666666667	6.838611111111111	6.1675	1484.60555555555	1484.70555555556	1484.7722222222199	1484.68055555556	66.0	66.0	66.0	66.0	65.0	65.0	66.0	66.0	3506.25	3296.52777777778	3283.94444444444	3392.25	3630.8611111111104	3581.30555555556	3482.8333333333303	3400.75	0.6	0.6	0.4	0.4	1.5	1.5	-0.8999999999999989	-0.8999999999999989	124.437777777778	123.823055555556	152.016666666667	151.12138888888902	151.95722222222201	151.058611111111	124.535	123.924166666667	3
126	1.1196878101596999	1.01065559739815	0.9982562837579221	6.18611111111111	6.93444444444444	6.853888888888889	6.12833333333333	1484.875	1484.98055555556	1485.04444444444	1484.91944444444	66.0	66.0	66.0	66.0	65.0	65.0	66.0	66.0	3500.1111111111104	3277.27777777778	3298.47222222222	3408.6111111111104	3621.5	3587.4166666666706	3471.4166666666697	3375.80555555556	0.6	0.6	0.4	0.4	1.5	1.5	-0.8999999999999989	-0.8999999999999989	124.41472222222201	123.803333333333	151.998055555556	151.09	151.927222222222	151.035555555556	124.50972222222201	123.903055555556	3
127	1.1109174292888402	1.01903457584058	1.00005898545026	6.759722222222219	7.50166666666667	7.36888888888889	6.62611111111111	1485.2194444444401	1485.3416666666699	1485.39444444445	1485.2805555555599	65.5277777777778	65.5277777777778	66.0	66.0	65.0	65.0	66.0	66.0	3587.6388888888896	3367.80555555556	3262.19444444444	3389.55555555556	3620.94444444444	3574.8333333333294	3431.3333333333303	3372.25	0.8361111111111109	0.8361111111111109	0.4	0.4	1.5	1.5	-0.8999999999999989	-0.8999999999999989	124.413888888889	123.75083333333299	151.996944444444	151.019166666667	151.927777777778	150.964166666667	124.504444444444	123.85	3
128	1.11435763384645	1.00186994701817	0.97933584686775	7.10083333333333	8.07944444444444	7.90694444444445	7.245	1485.65	1485.7611111111098	1485.81666666667	1485.7277777777801	65.0	65.0	66.0	66.0	65.0	65.0	66.0	66.0	3690.7222222222204	3430.77777777778	3233.25	3366.27777777778	3596.94444444444	3544.0833333333294	3417.80555555556	3317.44444444444	1.1	1.1	0.4	0.4	1.5	1.5	-0.8999999999999989	-0.8999999999999989	124.39777777777799	123.687777777778	151.99194444444402	150.933611111111	151.922777777778	150.878888888889	124.493888888889	123.7825	3
